53
68
84
100
115
131
147
153
169
184
200
216
231
247
253
255
263
264
266
274
276
286
294
296
304
306
314
316
325
327
335
337
345
347
355
357
365
367
375
377
385
387
397
405
407
415
417
425
427
428
436
438
446
448
456
458
466
468
476
478
486
488
496
498
506
508
516
518
526
528
536
537
539
547
549
557
559
567
569
577
579
587
589
597
599
607
609
617
619
627
629
637
639
647
660
668
670
678
680
688
690
698
700
708
710
718
720
728
730
738
740
748
749
751
759
761
769
771
779
781
789
791
799
801
809
811
